1 = 2,187
2 = 5,232,3,1
3 = 2
4 = 6,5
5 = 65,4,103,18,76,91,90,92,51,84,93,108,15,7,14,156,157,154,94,106,50,27,26,25,24,89,186,16,2
6 = 6,4
7 = 253,239,69,70,5,28
8 = 9,139,12
9 = 183,184,8,10,46,137,138
10 = 9
11 = 12,120,186,11
12 = 8,11
13 = 23,52,49,17
14 = 14,5,20
15 = 5
16 = 34,99,5,210,100,181
17 = 13
18 = 5,31
19 = 22,110,77,112,111,103
20 = 21,14
21 = 20
22 = 22,19
23 = 151,120,13
24 = 249,5
25 = 5
26 = 5
27 = 5
28 = 146,38,7
29 = 97,98,205,95,30,96,146
30 = 30,29
31 = 32,31,36,44
32 = 5
33 = 33,20,1,76,37,84,47,108,78,19,34,5,39,46,135,61,4,125,134,83,48
34 = 140,57,58,56,16
35 = 5,35,20
36 = 5,35,20
37 = 109,158,254,41
38 = 28,39
39 = 170,40,38,74,67,66,274
40 = 42,41,75,48,39
41 = 37,82,40
42 = 43,148,40
43 = 104,53,42
44 = 24,44,45
45 = 13
46 = 46,9
47 = 47,1,139
48 = 115,113,114,68,201,40,117
49 = 49,13
50 = 128,5
51 = 5
52 = 13,53
53 = 52,43
54 = 55
55 = 63,60,64,54
56 = 34
57 = 34
58 = 34
59 = 60
60 = 59,55
61 = 62,82,83
62 = 79,61
63 = 39,55
64 = 55,39
65 = 107,5
66 = 39
67 = 39
68 = 48,200
69 = 69,7
70 = 85,7
71 = 252,72,23
72 = 71
73 = 71,23
74 = 74,39,10
75 = 78,40
76 = 76,5,188
77 = 142,19
78 = 233,116,75
79 = 62
80 = 81,29
81 = 80
82 = 41,61
83 = 152,105,61
84 = 5,248
85 = 88,87,86,70
86 = 85
87 = 85
88 = 85
89 = 5
90 = 5,248
91 = 5
92 = 5
93 = 5
94 = 5
95 = 29
96 = 29
97 = 29
98 = 29
99 = 16
100 = 16
101 = 11,102
102 = 11
103 = 19,103,5
104 = 221,101,43
105 = 238,83
106 = 5
107 = 107,5
108 = 5
109 = 37
110 = 19
111 = 19
112 = 19
113 = 48
114 = 48
115 = 48
116 = 78
117 = 48
118 = 150,125,121
119 = 222
120 = 153,11,23
121 = 118,122,153
122 = 123,121
123 = 126,124,122
124 = 123,127,155
125 = 118
126 = 123
127 = 124
128 = 50
129 = 130,50,128
130 = 134,132,133,131,24,250,129
131 = 130
132 = 130
133 = 130
134 = 130
135 = 144
136 = 136,249
137 = 9,137
138 = 9,138
139 = 47,8
140 = 24,141,34
141 = 140,165,207
142 = 143,144,77
143 = 142,144
144 = 142,143,135
145 = 146
146 = 29,145,147,28
147 = 146
148 = 42,149
149 = 148
150 = 118
151 = 211,214,213,212,23,215,219,216,217
152 = 83,235
153 = 121,120
154 = 154,5
155 = 124
156 = 5
157 = 5
158 = 159,37
159 = 160,158
160 = 160,161,159
161 = 163,202,164,203,162,204,160
162 = 161
163 = 161
164 = 161
165 = 141,166
166 = 165,167
167 = 166
168 = 169,175,177
169 = 171,174,173,168
170 = 172,171,39
171 = 170,173
172 = 171,172,170
173 = 172,170,178,174
174 = 174,172,176,170
175 = 168
176 = 174,172,177,170
177 = 174,169,170
178 = 179,173,171
179 = 180,178
180 = 179
181 = 182,16
182 = 181
183 = 183,9
184 = 184,9
185 = 209,208
186 = 11,5
187 = 232,265,1,266,267,268
188 = 245,76
189 = 189,209
190 = 194,191,193,192,197
191 = 190
192 = 190
193 = 190
194 = 198,196,195,190
195 = 1,199,194
196 = 194
197 = 190,197
198 = 194
199 = 195
200 = 68
201 = 48
202 = 161
203 = 161
204 = 161
205 = 206,29
206 = 205
207 = 208,141
208 = 209,207
209 = 189,209,208
210 = 260,220,16
211 = 151
212 = 151
213 = 151
214 = 151
215 = 151
216 = 151
217 = 151,218
218 = 217
219 = 115,151
220 = 210
221 = 222,104
222 = 119
223 = 24,242
224 = 224,226
225 = 225,227
226 = 224
227 = 225
228 = 228,229,16
229 = 229,228
230 = 230,231,228
231 = 230
232 = 2,187
233 = 78,234
234 = 233
235 = 236,152
236 = 235,237
237 = 246,236
238 = 105
239 = 7
240 = 7
241 = 242,151
242 = 242,241
243 = 
244 = 64
245 = 188
246 = 237,247
247 = 273,246
248 = 90,84
249 = 249,24,136
250 = 250,130
251 = 259
252 = 71
253 = 7
254 = 37,255
255 = 256,254,258,259
256 = 255,257
257 = 256
258 = 255
259 = 251,255
260 = 261,210
261 = 262,260
262 = 263,261
263 = 275,262
264 = 
265 = 187
266 = 187
267 = 187
268 = 187,269
269 = 270,268
270 = 269
271 = 272,16
272 = 271
273 = 277,247
274 = 39
275 = 263
276 = 
277 = 273
278 = 3
279 = 41
280 = 41
281 = 8
282 = 11
